8915
604
7832
970
1840
2113
3007
10365
79707
4853
23013
55754
7128
7319
8289
596
4261
1387
2033
2146
3394
8085
100271849
5966
9294
8651
6778
8764
694
965
974
1029
2120
2296
9380
3105
3106
3662
57565
219972
4615
114884
5292
11040
639
23067
6689
79718
9760
3399
4851
60
71
598
9308
1654
1844
8291
26098
1974
3009
8347
3707
3726
8720
10025
4792
5294
5591
7916
23215
23180
9632
6446
6774
6903
54790
7465
677
101
374860
57719
353
1820
715
22866
2272
3490
26173
107986596
4289
25945
26245
133015
63977
6263
64218
1992
23161
55714
80757
10188
7157
79818
152687
1
2
29
37
50
136
158
159
160
166
189
218
224
239
242
246
247
285
339
347
354
397
409
420
432
433
443
468
482
489
513
523
529
547
566
567
586
610
622
664
666
673
682
684
701
705
708
716
719
753
763
825
828
842
860
863
896
905
920
928
939
945
946
955
961
968
969
988
997
1013
1030
1107
1108
1133
1139
1140
1145
1153
1159
1208
1265
1325
1352
1366
1370
1396
1397
1398
1439
1454
1457
1497
1535
1564
1565
1571
1667
1668
1669
1670
1671
1672
1675
1676
1739
1742
1769
1770
1800
1801
1814
1819
1822
1841
1856
1892
1911
1943
1949
1964
1973
1984
1991
2026
2027
2030
2049
2059
2063
2109
2160
2175
2178
2195
2204
2217
2256
2289
2295
2314
2323
2357
2358
2359
2525
2527
2528
2547
2588
2593
2595
2597
2637
2644
2739
2740
2767
2784
2788
2804
2811
2814
2817
2847
2854
2859
2863
2874
2879
2904
2923
2972
2978
2979
2984
3000
3004
3005
3006
3036
3059
3064
3069
3090
3107
3162
3176
3192
3276
3280
3326
3375
3382
3560
3589
3632
3661
3682
3706
3712
3714
3736
3741
3742
3748
3761
3768
3791
3802
3804
3805
3809
3811
3812
3815
3816
3817
3818
3821
3822
3823
3824
3902
3903
3904
3938
3956
3957
3982
3996
4033
4055
4058
4074
4130
4151
4158
4161
4174
4175
4188
4201
4212
4236
4239
4241
4242
4248
4249
4256
4257
4308
4335
4337
4357
4507
4543
4585
4597
4606
4616
4619
4620
4621
4622
4626
4627
4628
4641
4650
4668
4689
4692
4696
4697
4700
4708
4735
4736
4794
4800
4809
4818
4835
4839
4849
4854
4902
4908
4927
4973
4976
4991
4994
4995
5023
5026
5048
5062
5064
5119
5130
5133
5139
5149
5155
5156
5160
5176
5178
5187
5190
5194
5195
5198
5216
5225
5226
5251
5256
5269
5270
5272
5288
5306
5314
5330
5335
5338
5345
5372
5376
5420
5424
5429
5430
5431
5434
5435
5442
5467
5471
5475
5504
5510
5518
5528
5544
5555
5558
5582
5598
5606
5636
5639
5650
5653
5655
5657
5694
5725
5726
5731
5754
5763
5771
5777
5794
5800
5802
5816
5830
5834
5858
5880
5888
5919
5957
5961
5978
6093
6117
6119
6122
6137
6152
6154
6158
6193
6197
6203
6205
6209
6237
6247
6248
6294
6320
6337
6341
6416
6443
6447
6449
6462
6470
6515
6517
6523
6527
6565
6579
6611
6632
6652
6663
6665
6666
6687
6691
6692
6720
6721
6722
6727
6731
6732
6742
6750
6753
6767
6792
6794
6795
6843
6844
6861
6929
6939
7005
7008
7021
7037
7057
7064
7078
7082
7089
7098
7132
7137
7138
7156
7158
7167
7263
7287
7301
7314
7326
7376
7422
7442
7450
7514
7531
7533
7554
7565
7566
7576
7593
7629
7634
7678
7681
7691
7693
7694
7710
7728
7732
7775
7942
8038
8076
8078
8079
8140
8174
8224
8302
8336
8351
8383
8386
8387
8388
8389
8390
8392
8398
8402
8433
8447
8464
8470
8484
8498
8522
8530
8531
8533
8542
8558
8578
8612
8645
8669
8681
8711
8731
8735
8737
8741
8742
8773
8778
8834
8911
8972
8975
9002
9032
9040
9098
9112
9135
9145
9196
9212
9215
9332
9340
9361
9402
9422
9423
9436
9437
9463
9476
9477
9482
9487
9501
9513
9526
9533
9552
9567
9573
9575
9582
9587
9605
9611
9622
9626
9657
9662
9666
9667
9668
9677
9678
9681
9706
9720
9734
9736
9744
9746
9747
9780
9814
9820
9824
9837
9851
9855
9859
9868
9905
9912
9918
9929
9953
9955
9976
9990
10000
10042
10043
10057
10123
10125
10126
10148
10149
10155
10162
10169
10172
10219
10225
10226
10233
10272
10288
10297
10342
10347
10369
10389
10400
10436
10454
10462
10472
10478
10494
10501
10514
10517
10520
10521
10523
10536
10570
10575
10591
10594
10597
10599
10606
10616
10626
10667
10678
10695
10721
10738
10739
10743
10749
10750
10755
10762
10766
10782
10794
10806
10817
10844
10859
10864
10874
10930
10975
10990
10994
10998
11006
11012
11015
11020
11024
11025
11026
11027
11078
11131
11132
11135
11144
11148
11171
11202
11216
11245
11249
11261
11272
11284
11330
11331
11337
11338
11339
22809
22861
22870
22893
22899
22904
22905
22909
22914
22916
22930
22989
23005
23015
23030
23095
23108
23112
23113
23125
23135
23140
23142
23164
23168
23170
23174
23178
23190
23191
23192
23207
23241
23254
23264
23269
23277
23293
23301
23302
23304
23309
23313
23326
23339
23341
23359
23399
23435
23464
23466
23467
23492
23495
23500
23506
23518
23521
23526
23527
23533
23539
23543
23547
23551
23587
23601
23608
23616
23619
23636
23640
23676
23677
23710
23729
23746
23761
23764
23765
23779
23780
24149
25759
25764
25775
25776
25777
25793
25799
25813
25818
25829
25844
25854
25862
25871
25873
25888
25890
25893
25900
25909
25963
25977
25979
25992
26001
26015
26043
26085
26088
26090
26121
26137
26150
26168
26188
26189
26211
26246
26253
26290
26511
26528
26585
26696
27006
27036
27043
27077
27079
27107
27127
27128
27132
27136
27147
27148
27151
27180
27181
27189
27229
27232
27239
27243
27254
27287
27300
27338
27350
27351
27352
27439
27440
27443
28234
29083
29086
29098
29114
29128
29775
29780
29803
29844
29903
29924
29928
29964
29985
30010
30011
30813
30844
30851
43847
43849
50488
50506
50619
50628
50632
50636
50813
50831
50832
50835
50836
50837
50838
50839
50840
50852
50856
50939
50944
51003
51009
51029
51030
51031
51032
51069
51070
51071
51078
51087
51097
51103
51147
51157
51168
51203
51206
51231
51234
51258
51266
51267
51279
51281
51298
51332
51348
51360
51386
51393
51479
51493
51496
51545
51548
51621
51650
51655
51693
51725
51729
51763
51816
53335
53353
53405
53615
53635
53905
53919
54209
54210
54429
54468
54471
54477
54478
54531
54551
54567
54617
54676
54739
54751
54760
54762
54776
54777
54785
54807
54847
54866
54869
54890
54893
54897
54902
54931
54965
54971
55009
55011
55065
55076
55080
55081
55083
55090
55092
55110
55125
55135
55142
55168
55173
55177
55178
55192
55200
55211
55236
55244
55275
55311
55326
55341
55347
55359
55362
55421
55422
55505
55527
55554
55615
55619
55620
55655
55657
55658
55659
55663
55702
55720
55729
55750
55762
55763
55766
55769
55773
55776
55779
55786
55809
55810
55840
55844
55850
55858
55885
56005
56160
56851
56897
56919
56924
56931
56953
56954
56961
56977
56984
56985
56987
56993
57007
57026
57030
57048
57082
57092
57099
57101
57106
57116
57121
57128
57136
57140
57189
57191
57333
57335
57336
57337
57343
57348
57379
57418
57479
57482
57494
57497
57505
57510
57519
57547
57555
57573
57577
57590
57591
57617
57650
57659
57663
57761
58191
58485
58491
58492
58506
58513
59283
59284
59285
59344
59348
60385
60489
60528
60685
63036
63826
63929
63934
64090
64098
64110
64216
64332
64359
64397
64518
64581
64754
64895
64928
64981
65080
65125
65251
65982
65989
65999
79003
79016
79018
79019
79042
79066
79094
79142
79143
79149
79159
79165
79168
79180
79187
79413
79572
79575
79598
79629
79640
79644
79648
79673
79691
79734
79735
79744
79763
79768
79781
79784
79785
79788
79791
79814
79816
79850
79852
79862
79865
79887
79891
79894
79898
79912
79919
79923
79939
79948
79953
79959
79968
79999
80000
80023
80032
80039
80095
80110
80115
80122
80169
80199
80208
80218
80235
80237
80274
80313
80339
80830
80831
80832
80833
80851
80853
81458
81466
81469
81470
81472
81565
81608
81614
81615
81620
81623
81631
81856
81857
81929
83394
83450
83460
83461
83483
83547
83596
83659
83733
83741
83746
83758
83795
83878
83903
84083
84140
84167
84225
84239
84247
84254
84255
84258
84268
84273
84288
84289
84301
84314
84316
84335
84435
84436
84446
84461
84504
84519
84525
84529
84532
84542
84622
84627
84630
84645
84666
84667
84671
84690
84692
84699
84705
84708
84717
84727
84765
84787
84798
84817
84823
84838
84844
84873
84878
84914
84922
84936
84939
84954
84978
84984
85004
85236
85352
85360
85364
85377
85442
85455
85508
85569
88745
89782
89790
89822
89832
89839
89845
89858
89869
89887
89953
90007
90102
90135
90233
90317
90321
90333
90338
90353
90416
90417
90427
90485
90527
90956
91039
91304
91464
91582
91647
91653
91661
91662
91663
91664
91689
91775
91978
92162
92170
92521
92822
92840
93109
93323
93343
93426
93432
93474
93643
93649
93650
93661
93978
94030
94056
94059
94234
112401
112483
112703
112724
112885
113091
113189
113201
113246
113263
113278
113763
113828
114026
114132
114548
114781
114791
114794
114799
114823
114826
114827
114904
115196
115650
115653
115992
116113
116138
116211
116228
116362
116369
116372
116412
116444
116840
116844
116987
117155
118471
118472
118611
120939
121504
121506
121536
123606
123745
124044
124045
124245
124637
124641
124739
124751
124935
124936
124944
124961
124975
124976
124997
125150
125170
125206
125228
125875
125893
125919
125965
125972
125988
126014
126017
126119
126123
126129
126133
126204
126205
126206
126208
126259
126282
126295
126328
126353
126370
126520
126549
126567
127059
127062
127064
127066
127068
127069
127074
127077
127608
127623
128637
128954
129138
129685
129807
130013
130075
130340
130872
130916
131368
131450
131540
131578
131583
132625
132671
132946
132949
132954
133121
135941
135946
135948
136242
136541
139411
140564
140612
140680
140691
140775
140809
140850
140881
144195
144568
144608
145645
145942
146059
146429
146691
146754
146760
146802
146822
146845
146849
146850
146852
147040
147166
147645
147646
147650
147657
147658
147660
147664
147670
147685
147686
147687
147694
147744
147798
147807
147808
147872
147945
147948
147949
148022
148066
148170
148223
148252
148254
148345
148823
150165
150297
150350
150353
150368
150379
150677
150678
150684
150962
151871
152002
152185
152217
152579
155066
155184
158506
160364
160365
161497
161725
161742
161779
161829
161835
161882
162387
162514
162515
162517
162655
162962
162963
162966
162967
162968
162972
163033
163154
163882
164656
164668
165918
168400
170393
170394
170482
170825
170958
170961
171017
171177
171558
171568
171586
196415
196500
196743
197135
197320
197322
199713
199800
200159
200315
200316
200728
200931
200933
201140
201158
201161
201163
201164
201232
201243
201305
201514
201516
201633
202500
204801
205564
205717
205860
221409
221416
221421
221424
221443
221458
221481
221823
222642
222643
222662
245913
245915
245927
245928
245938
245939
253143
254240
254272
254531
254863
254879
254887
255043
255057
255189
255252
255308
255403
255758
255798
255877
256051
256223
256281
256302
256643
256646
256714
257044
257062
257068
257240
259290
259292
259294
259295
259296
259307
267002
282969
282973
282974
283316
283420
283643
283685
283694
283710
283742
283748
283767
284013
284023
284040
284111
284114
284194
284297
284306
284307
284309
284312
284361
284366
284369
284370
284371
284415
284417
284418
284434
284451
284521
284532
284723
285093
285193
285386
285440
285852
285855
285971
286676
286753
317701
317703
317705
333929
338321
338339
338821
339168
339184
339263
339366
339669
339804
339976
339977
340156
340204
340205
340267
341392
342184
342527
342918
342926
342931
342933
342945
343169
343170
343171
343172
343173
343563
344805
344892
346525
347734
348180
348327
348793
348801
352909
353149
353514
359787
359845
360030
374286
374291
374768
374875
374928
375318
375387
378708
378884
387836
387837
388115
388323
388324
388325
388327
388333
388335
388336
388341
388436
388468
388558
388559
388561
388564
388566
388567
388569
388595
388759
388761
389383
389610
389840
390538
390748
390874
390980
391189
391190
391191
391192
391194
391195
391196
391211
392138
393046
399512
399664
400566
400569
400581
400668
400673
400709
400713
400720
400830
401036
401081
401262
401409
401447
401992
401993
401994
402665
403239
403244
403339
404281
405753
407977
440077
440087
440243
440270
440275
440400
440503
440567
440829
441150
441151
441581
441864
441932
441933
442361
494551
503542
503582
503834
503835
548596
553158
554235
619189
641517
643338
643641
643664
643699
643904
644070
644139
644145
644809
644815
644844
645027
645177
645402
645432
646627
646643
646851
646862
647024
647310
649137
653061
653073
653075
653166
653437
654254
654346
727684
727832
727857
727909
727910
728294
728358
728392
728498
728763
729025
729288
729359
729767
729852
729956
729974
730051
732253
100049587
100128553
100129083
100129396
100129697
100130311
100130449
100130827
100131094
100131244
100134444
100137047
100137049
100188893
100271846
100287036
100287399
100288687
100293516
100431172
100462977
100463482
100505573
100506374
100506388
100506514
100506564
100506581
100507003
100507290
100507421
100526739
100528032
100529240
100533496
100996259
100996331
100996379
100996413
100996598
100996842
101059918
101927509
101928095
101928879
101928991
101929141
101929372
101929726
101929937
101930434
102723623
102723722
102724378
102724624
102724631
102724877
102724971
102725180
102800317
105369205
105369246
105369274
105369669
105370733
105370940
105371409
105371566
105372478
105372585
105373944
105374013
105374299
105374301
105376678
106821730
107080644
107983983
107983988
107983998
107984025
107984817
107984862
107985115
107985320
107985332
107985946
107986004
107986113
107986163
107986175
107986554
107987237
107987238
110116772
110806280
1000000004
-1
-2
-4
-6
-7
-8
-9
-12
-15
-16
-17
-19
-20
-22
